41.35,2.1
41.35,2.102
41.35,2.103
41.35,2.104
41.35,2.105
41.35,2.106
41.35,2.107
41.35,2.108
41.35,2.109
41.35,2.11
41.35,2.111
41.35,2.112
41.35,2.113
41.35,2.114
41.35,2.115
41.35,2.116
41.35,2.117
41.35,2.118
41.35,2.119
41.35,2.12
41.35,2.121
41.35,2.122
41.35,2.123
41.35,2.124
41.35,2.125
41.35,2.126
41.35,2.127
41.35,2.128
41.35,2.129
41.35,2.13
41.35,2.131
41.35,2.132
41.35,2.133
41.35,2.134
41.35,2.135
41.35,2.136
41.35,2.137
41.35,2.138
41.35,2.139
41.35,2.14
41.35,2.141
41.35,2.142
41.35,2.143
41.35,2.144
41.35,2.145
41.35,2.146
41.35,2.147
41.35,2.148
41.35,2.149
41.35,2.15
41.35,2.173
41.35,2.174
41.351,2.101
41.351,2.102
41.351,2.103
41.351,2.104
41.351,2.105
41.351,2.106
41.351,2.107
41.351,2.108
41.351,2.109
41.351,2.11
41.351,2.111
41.351,2.112
41.351,2.113
41.351,2.114
41.351,2.115
41.351,2.116
41.351,2.117
41.351,2.118
41.351,2.119
41.351,2.12
41.351,2.121
41.351,2.123
41.351,2.124
41.351,2.125
41.351,2.126
41.351,2.127
41.351,2.128
41.351,2.129
41.351,2.13
41.351,2.131
41.351,2.132
41.351,2.133
41.351,2.135
41.351,2.136
41.351,2.137
41.351,2.138
41.351,2.139
41.351,2.14
41.351,2.141
41.351,2.142
41.351,2.143
41.351,2.144
41.351,2.145
41.351,2.146
41.351,2.147
41.351,2.148
41.351,2.149
41.351,2.15
41.351,2.151
41.351,2.152
41.351,2.153
41.351,2.154
41.351,2.173
41.351,2.174
41.351,2.175
41.352,2.1
41.352,2.101
41.352,2.102
41.352,2.103
41.352,2.104
41.352,2.105
41.352,2.106
41.352,2.107
41.352,2.108
41.352,2.109
41.352,2.11
41.352,2.111
41.352,2.112
41.352,2.113
41.352,2.114
41.352,2.115
41.352,2.116
41.352,2.117
41.352,2.118
41.352,2.119
41.352,2.12
41.352,2.121
41.352,2.122
41.352,2.123
41.352,2.124
41.352,2.125
41.352,2.126
41.352,2.127
41.352,2.128
41.352,2.129
41.352,2.13
41.352,2.131
41.352,2.132
41.352,2.133
41.352,2.134
41.352,2.135
41.352,2.136
41.352,2.137
41.352,2.138
41.352,2.139
41.352,2.14
41.352,2.141
41.352,2.142
41.352,2.143
41.352,2.144
41.352,2.145
41.352,2.146
41.352,2.147
41.352,2.148
41.352,2.149
41.352,2.15
41.352,2.152
41.352,2.153
41.352,2.154
41.352,2.155
41.352,2.156
41.352,2.157
41.352,2.158
41.352,2.159
41.352,2.174
41.352,2.175
41.352,2.176
41.353,2.1
41.353,2.101
41.353,2.102
41.353,2.103
41.353,2.104
41.353,2.105
41.353,2.106
41.353,2.107
41.353,2.108
41.353,2.109
41.353,2.11
41.353,2.111
41.353,2.112
41.353,2.113
41.353,2.114
41.353,2.115
41.353,2.116
41.353,2.117
41.353,2.118
41.353,2.119
41.353,2.12
41.353,2.121
41.353,2.122
41.353,2.123
41.353,2.124
41.353,2.127
41.353,2.128
41.353,2.129
41.353,2.13
41.353,2.131
41.353,2.133
41.353,2.134
41.353,2.135
41.353,2.136
41.353,2.137
41.353,2.138
41.353,2.139
41.353,2.14
41.353,2.141
41.353,2.142
41.353,2.143
41.353,2.144
41.353,2.145
41.353,2.146
41.353,2.147
41.353,2.148
41.353,2.15
41.353,2.151
41.353,2.152
41.353,2.153
41.353,2.154
41.353,2.155
41.353,2.156
41.353,2.157
41.353,2.158
41.353,2.159
41.353,2.16
41.353,2.176
41.354,2.1
41.354,2.102
41.354,2.103
41.354,2.104
41.354,2.105
41.354,2.106
41.354,2.107
41.354,2.108
41.354,2.109
41.354,2.11
41.354,2.111
41.354,2.112
41.354,2.113
41.354,2.114
41.354,2.115
41.354,2.116
41.354,2.117
41.354,2.118
41.354,2.12
41.354,2.121
41.354,2.122
41.354,2.123
41.354,2.124
41.354,2.125
41.354,2.126
41.354,2.127
41.354,2.128
41.354,2.129
41.354,2.13
41.354,2.131
41.354,2.132
41.354,2.133
41.354,2.135
41.354,2.136
41.354,2.137
41.354,2.139
41.354,2.14
41.354,2.141
41.354,2.142
41.354,2.143
41.354,2.144
41.354,2.145
41.354,2.146
41.354,2.148
41.354,2.149
41.354,2.15
41.354,2.151
41.354,2.154
41.354,2.155
41.354,2.158
41.354,2.159
41.354,2.16
41.354,2.161
41.354,2.175
41.354,2.176
41.354,2.177
41.355,2.1
41.355,2.101
41.355,2.102
41.355,2.103
41.355,2.104
41.355,2.105
41.355,2.106
41.355,2.107
41.355,2.108
41.355,2.109
41.355,2.11
41.355,2.111
41.355,2.112
41.355,2.113
41.355,2.114
41.355,2.115
41.355,2.116
41.355,2.117
41.355,2.118
41.355,2.121
41.355,2.122
41.355,2.123
41.355,2.124
41.355,2.125
41.355,2.126
41.355,2.127
41.355,2.128
41.355,2.129
41.355,2.13
41.355,2.131
41.355,2.132
41.355,2.133
41.355,2.134
41.355,2.135
41.355,2.136
41.355,2.137
41.355,2.138
41.355,2.139
41.355,2.14
41.355,2.141
41.355,2.142
41.355,2.143
41.355,2.145
41.355,2.146
41.355,2.147
41.355,2.148
41.355,2.15
41.355,2.154
41.355,2.158
41.355,2.159
41.355,2.16
41.355,2.161
41.355,2.177
41.355,2.178
41.356,2.1
41.356,2.101
41.356,2.102
41.356,2.103
41.356,2.104
41.356,2.105
41.356,2.107
41.356,2.108
41.356,2.109
41.356,2.11
41.356,2.111
41.356,2.112
41.356,2.113
41.356,2.114
41.356,2.115
41.356,2.116
41.356,2.117
41.356,2.118
41.356,2.12
41.356,2.121
41.356,2.122
41.356,2.123
41.356,2.124
41.356,2.125
41.356,2.126
41.356,2.127
41.356,2.128
41.356,2.129
41.356,2.13
41.356,2.131
41.356,2.134
41.356,2.135
41.356,2.136
41.356,2.137
41.356,2.138
41.356,2.139
41.356,2.14
41.356,2.141
41.356,2.142
41.356,2.143
41.356,2.144
41.356,2.145
41.356,2.146
41.356,2.148
41.356,2.149
41.356,2.161
41.356,2.162
41.356,2.178
41.357,2.1
41.357,2.101
41.357,2.102
41.357,2.103
41.357,2.104
41.357,2.105
41.357,2.106
41.357,2.107
41.357,2.109
41.357,2.11
41.357,2.111
41.357,2.112
41.357,2.113
41.357,2.114
41.357,2.115
41.357,2.116
41.357,2.117
41.357,2.118
41.357,2.119
41.357,2.12
41.357,2.121
41.357,2.122
41.357,2.123
41.357,2.124
41.357,2.125
41.357,2.126
41.357,2.127
41.357,2.128
41.357,2.129
41.357,2.13
41.357,2.132
41.357,2.133
41.357,2.134
41.357,2.135
41.357,2.136
41.357,2.137
41.357,2.138
41.357,2.139
41.357,2.141
41.357,2.142
41.357,2.143
41.357,2.144
41.357,2.145
41.357,2.146
41.357,2.149
41.357,2.15
41.357,2.154
41.357,2.158
41.357,2.162
41.357,2.163
41.357,2.177
41.357,2.178
41.357,2.179
41.357,2.185
41.357,2.186
41.357,2.187
41.358,2.1
41.358,2.101
41.358,2.102
41.358,2.103
41.358,2.104
41.358,2.105
41.358,2.106
41.358,2.107
41.358,2.108
41.358,2.109
41.358,2.11
41.358,2.111
41.358,2.112
41.358,2.113
41.358,2.114
41.358,2.115
41.358,2.116
41.358,2.117
41.358,2.118
41.358,2.119
41.358,2.12
41.358,2.121
41.358,2.122
41.358,2.123
41.358,2.124
41.358,2.125
41.358,2.126
41.358,2.127
41.358,2.128
41.358,2.129
41.358,2.13
41.358,2.131
41.358,2.132
41.358,2.133
41.358,2.134
41.358,2.135
41.358,2.136
41.358,2.137
41.358,2.138
41.358,2.139
41.358,2.14
41.358,2.141
41.358,2.142
41.358,2.143
41.358,2.144
41.358,2.145
41.358,2.153
41.358,2.157
41.358,2.159
41.358,2.163
41.358,2.164
41.358,2.177
41.358,2.178
41.358,2.179
41.358,2.18
41.358,2.183
41.358,2.188
41.359,2.1
41.359,2.101
41.359,2.102
41.359,2.103
41.359,2.104
41.359,2.105
41.359,2.106
41.359,2.107
41.359,2.108
41.359,2.109
41.359,2.11
41.359,2.111
41.359,2.112
41.359,2.113
41.359,2.114
41.359,2.115
41.359,2.116
41.359,2.117
41.359,2.118
41.359,2.119
41.359,2.12
41.359,2.121
41.359,2.122
41.359,2.123
41.359,2.124
41.359,2.125
41.359,2.126
41.359,2.127
41.359,2.128
41.359,2.129
41.359,2.13
41.359,2.131
41.359,2.132
41.359,2.133
41.359,2.134
41.359,2.136
41.359,2.137
41.359,2.138
41.359,2.139
41.359,2.14
41.359,2.141
41.359,2.142
41.359,2.143
41.359,2.144
41.359,2.145
41.359,2.151
41.359,2.153
41.359,2.154
41.359,2.155
41.359,2.156
41.359,2.159
41.359,2.161
41.359,2.164
41.359,2.165
41.359,2.177
41.359,2.178
41.359,2.179
41.359,2.18
41.359,2.188
41.359,2.189
41.36,2.1
41.36,2.101
41.36,2.102
41.36,2.103
41.36,2.104
41.36,2.105
41.36,2.106
41.36,2.107
41.36,2.108
41.36,2.109
41.36,2.11
41.36,2.111
41.36,2.112
41.36,2.113
41.36,2.114
41.36,2.115
41.36,2.116
41.36,2.117
41.36,2.118
41.36,2.119
41.36,2.12
41.36,2.121
41.36,2.123
41.36,2.124
41.36,2.125
41.36,2.126
41.36,2.127
41.36,2.128
41.36,2.129
41.36,2.13
41.36,2.131
41.36,2.132
41.36,2.133
41.36,2.134
41.36,2.135
41.36,2.136
41.36,2.137
41.36,2.138
41.36,2.139
41.36,2.14
41.36,2.141
41.36,2.142
41.36,2.143
41.36,2.144
41.36,2.145
41.36,2.146
41.36,2.147
41.36,2.148
41.36,2.149
41.36,2.15
41.36,2.151
41.36,2.152
41.36,2.153
41.36,2.155
41.36,2.156
41.36,2.157
41.36,2.158
41.36,2.159
41.36,2.16
41.36,2.161
41.36,2.162
41.36,2.165
41.36,2.166
41.36,2.167
41.36,2.178
41.36,2.179
41.36,2.18
41.36,2.181
41.36,2.182
41.36,2.189
41.361,2.1
41.361,2.101
41.361,2.102
41.361,2.103
41.361,2.104
41.361,2.105
41.361,2.106
41.361,2.107
41.361,2.108
41.361,2.109
41.361,2.11
41.361,2.111
41.361,2.112
41.361,2.113
41.361,2.114
41.361,2.115
41.361,2.116
41.361,2.117
41.361,2.118
41.361,2.119
41.361,2.12
41.361,2.121
41.361,2.122
41.361,2.123
41.361,2.124
41.361,2.125
41.361,2.126
41.361,2.127
41.361,2.128
41.361,2.129
41.361,2.13
41.361,2.131
41.361,2.132
41.361,2.133
41.361,2.134
41.361,2.135
41.361,2.136
41.361,2.137
41.361,2.138
41.361,2.139
41.361,2.14
41.361,2.141
41.361,2.142
41.361,2.146
41.361,2.147
41.361,2.148
41.361,2.149
41.361,2.15
41.361,2.151
41.361,2.152
41.361,2.153
41.361,2.156
41.361,2.157
41.361,2.158
41.361,2.159
41.361,2.16
41.361,2.163
41.361,2.164
41.361,2.166
41.361,2.167
41.361,2.168
41.361,2.169
41.361,2.171
41.361,2.18
41.361,2.181
41.361,2.182
41.361,2.185
41.361,2.19
41.361,2.191
41.362,2.1
41.362,2.101
41.362,2.102
41.362,2.103
41.362,2.104
41.362,2.105
41.362,2.106
41.362,2.107
41.362,2.108
41.362,2.109
41.362,2.11
41.362,2.111
41.362,2.112
41.362,2.113
41.362,2.114
41.362,2.115
41.362,2.116
41.362,2.117
41.362,2.118
41.362,2.119
41.362,2.12
41.362,2.121
41.362,2.122
41.362,2.123
41.362,2.124
41.362,2.125
41.362,2.126
41.362,2.127
41.362,2.128
41.362,2.129
41.362,2.13
41.362,2.131
41.362,2.132
41.362,2.133
41.362,2.134
41.362,2.135
41.362,2.136
41.362,2.137
41.362,2.138
41.362,2.14
41.362,2.141
41.362,2.142
41.362,2.146
41.362,2.147
41.362,2.148
41.362,2.149
41.362,2.151
41.362,2.153
41.362,2.154
41.362,2.155
41.362,2.156
41.362,2.157
41.362,2.158
41.362,2.159
41.362,2.16
41.362,2.161
41.362,2.163
41.362,2.165
41.362,2.166
41.362,2.168
41.362,2.169
41.362,2.17
41.362,2.171
41.362,2.179
41.362,2.18
41.362,2.181
41.362,2.182
41.362,2.187
41.362,2.19
41.362,2.191
41.363,2.1
41.363,2.101
41.363,2.102
41.363,2.103
41.363,2.104
41.363,2.105
41.363,2.106
41.363,2.107
41.363,2.108
41.363,2.109
41.363,2.11
41.363,2.111
41.363,2.112
41.363,2.113
41.363,2.114
41.363,2.115
41.363,2.116
41.363,2.117
41.363,2.118
41.363,2.119
41.363,2.12
41.363,2.121
41.363,2.122
41.363,2.123
41.363,2.124
41.363,2.125
41.363,2.126
41.363,2.127
41.363,2.128
41.363,2.129
41.363,2.13
41.363,2.131
41.363,2.132
41.363,2.133
41.363,2.134
41.363,2.135
41.363,2.136
41.363,2.137
41.363,2.138
41.363,2.139
41.363,2.14
41.363,2.141
41.363,2.142
41.363,2.143
41.363,2.145
41.363,2.146
41.363,2.147
41.363,2.148
41.363,2.149
41.363,2.15
41.363,2.151
41.363,2.154
41.363,2.155
41.363,2.156
41.363,2.157
41.363,2.158
41.363,2.159
41.363,2.16
41.363,2.161
41.363,2.162
41.363,2.164
41.363,2.165
41.363,2.166
41.363,2.167
41.363,2.168
41.363,2.169
41.363,2.17
41.363,2.172
41.363,2.181
41.363,2.182
41.363,2.183
41.363,2.184
41.363,2.187
41.363,2.191
41.363,2.192
41.364,2.1
41.364,2.101
41.364,2.102
41.364,2.103
41.364,2.104
41.364,2.105
41.364,2.106
41.364,2.107
41.364,2.108
41.364,2.109
41.364,2.11
41.364,2.111
41.364,2.112
41.364,2.113
41.364,2.114
41.364,2.115
41.364,2.116
41.364,2.117
41.364,2.118
41.364,2.119
41.364,2.12
41.364,2.121
41.364,2.122
41.364,2.123
41.364,2.124
41.364,2.125
41.364,2.126
41.364,2.127
41.364,2.128
41.364,2.129
41.364,2.13
41.364,2.131
41.364,2.132
41.364,2.133
41.364,2.134
41.364,2.135
41.364,2.136
41.364,2.137
41.364,2.138
41.364,2.139
41.364,2.14
41.364,2.141
41.364,2.142
41.364,2.143
41.364,2.144
41.364,2.145
41.364,2.146
41.364,2.147
41.364,2.148
41.364,2.149
41.364,2.15
41.364,2.151
41.364,2.152
41.364,2.153
41.364,2.155
41.364,2.157
41.364,2.158
41.364,2.159
41.364,2.16
41.364,2.161
41.364,2.162
41.364,2.163
41.364,2.164
41.364,2.165
41.364,2.166
41.364,2.167
41.364,2.168
41.364,2.17
41.364,2.171
41.364,2.172
41.364,2.173
41.364,2.174
41.364,2.182
41.364,2.183
41.364,2.188
41.364,2.192
41.365,2.1
41.365,2.101
41.365,2.102
41.365,2.103
41.365,2.104
41.365,2.105
41.365,2.106
41.365,2.107
41.365,2.108
41.365,2.109
41.365,2.11
41.365,2.111
41.365,2.112
41.365,2.113
41.365,2.114
41.365,2.116
41.365,2.117
41.365,2.118
41.365,2.119
41.365,2.12
41.365,2.121
41.365,2.122
41.365,2.123
41.365,2.124
41.365,2.125
41.365,2.126
41.365,2.127
41.365,2.128
41.365,2.129
41.365,2.13
41.365,2.131
41.365,2.132
41.365,2.133
41.365,2.134
41.365,2.135
41.365,2.136
41.365,2.137
41.365,2.138
41.365,2.139
41.365,2.14
41.365,2.141
41.365,2.142
41.365,2.143
41.365,2.145
41.365,2.146
41.365,2.147
41.365,2.148
41.365,2.149
41.365,2.15
41.365,2.151
41.365,2.152
41.365,2.153
41.365,2.154
41.365,2.155
41.365,2.156
41.365,2.157
41.365,2.158
41.365,2.159
41.365,2.16
41.365,2.162
41.365,2.164
41.365,2.165
41.365,2.166
41.365,2.167
41.365,2.168
41.365,2.17
41.365,2.171
41.365,2.173
41.365,2.174
41.365,2.18
41.365,2.181
41.365,2.182
41.365,2.184
41.365,2.185
41.365,2.188
41.365,2.189
41.365,2.193
41.366,2.1
41.366,2.101
41.366,2.102
41.366,2.103
41.366,2.104
41.366,2.105
41.366,2.106
41.366,2.108
41.366,2.109
41.366,2.11
41.366,2.111
41.366,2.112
41.366,2.113
41.366,2.114
41.366,2.115
41.366,2.116
41.366,2.117
41.366,2.118
41.366,2.119
41.366,2.12
41.366,2.121
41.366,2.122
41.366,2.123
41.366,2.124
41.366,2.125
41.366,2.126
41.366,2.127
41.366,2.128
41.366,2.129
41.366,2.13
41.366,2.131
41.366,2.132
41.366,2.133
41.366,2.134
41.366,2.135
41.366,2.136
41.366,2.137
41.366,2.138
41.366,2.139
41.366,2.14
41.366,2.141
41.366,2.142
41.366,2.144
41.366,2.145
41.366,2.146
41.366,2.147
41.366,2.148
41.366,2.149
41.366,2.151
41.366,2.152
41.366,2.153
41.366,2.154
41.366,2.155
41.366,2.156
41.366,2.157
41.366,2.158
41.366,2.159
41.366,2.16
41.366,2.161
41.366,2.162
41.366,2.163
41.366,2.164
41.366,2.165
41.366,2.166
41.366,2.167
41.366,2.168
41.366,2.17
41.366,2.171
41.366,2.172
41.366,2.174
41.366,2.175
41.366,2.177
41.366,2.178
41.366,2.179
41.366,2.187
41.366,2.188
41.366,2.189
41.366,2.193
41.366,2.194
41.366,2.196
41.367,2.1
41.367,2.101
41.367,2.102
41.367,2.103
41.367,2.104
41.367,2.105
41.367,2.106
41.367,2.107
41.367,2.108
41.367,2.109
41.367,2.11
41.367,2.111
41.367,2.112
41.367,2.113
41.367,2.114
41.367,2.115
41.367,2.116
41.367,2.117
41.367,2.118
41.367,2.119
41.367,2.12
41.367,2.121
41.367,2.122
41.367,2.123
41.367,2.124
41.367,2.125
41.367,2.126
41.367,2.127
41.367,2.128
41.367,2.129
41.367,2.13
41.367,2.131
41.367,2.132
41.367,2.133
41.367,2.134
41.367,2.135
41.367,2.136
41.367,2.137
41.367,2.138
41.367,2.139
41.367,2.14
41.367,2.141
41.367,2.142
41.367,2.143
41.367,2.144
41.367,2.145
41.367,2.146
41.367,2.147
41.367,2.148
41.367,2.149
41.367,2.15
41.367,2.151
41.367,2.152
41.367,2.153
41.367,2.154
41.367,2.155
41.367,2.156
41.367,2.157
41.367,2.158
41.367,2.159
41.367,2.16
41.367,2.161
41.367,2.162
41.367,2.163
41.367,2.164
41.367,2.165
41.367,2.166
41.367,2.167
41.367,2.168
41.367,2.169
41.367,2.17
41.367,2.171
41.367,2.172
41.367,2.173
41.367,2.174
41.367,2.175
41.367,2.176
41.367,2.177
41.367,2.184
41.367,2.187
41.367,2.188
41.367,2.189
41.367,2.19
41.367,2.194
41.368,2.1
41.368,2.101
41.368,2.102
41.368,2.103
41.368,2.104
41.368,2.105
41.368,2.107
41.368,2.108
41.368,2.109
41.368,2.11
41.368,2.111
41.368,2.112
41.368,2.113
41.368,2.114
41.368,2.115
41.368,2.116
41.368,2.117
41.368,2.118
41.368,2.123
41.368,2.124
41.368,2.125
41.368,2.126
41.368,2.127
41.368,2.128
41.368,2.129
41.368,2.13
41.368,2.131
41.368,2.132
41.368,2.133
41.368,2.134
41.368,2.135
41.368,2.136
41.368,2.138
41.368,2.139
41.368,2.14
41.368,2.141
41.368,2.142
41.368,2.143
41.368,2.144
41.368,2.145
41.368,2.146
41.368,2.147
41.368,2.148
41.368,2.149
41.368,2.15
41.368,2.151
41.368,2.152
41.368,2.153
41.368,2.154
41.368,2.155
41.368,2.156
41.368,2.157
41.368,2.158
41.368,2.159
41.368,2.16
41.368,2.161
41.368,2.162
41.368,2.163
41.368,2.164
41.368,2.165
41.368,2.166
41.368,2.167
41.368,2.168
41.368,2.169
41.368,2.171
41.368,2.172
41.368,2.173
41.368,2.174
41.368,2.175
41.368,2.176
41.368,2.184
41.368,2.187
41.368,2.188
41.368,2.189
41.368,2.19
41.368,2.191
41.369,2.1
41.369,2.101
41.369,2.102
41.369,2.103
41.369,2.104
41.369,2.105
41.369,2.106
41.369,2.107
41.369,2.108
41.369,2.109
41.369,2.11
41.369,2.111
41.369,2.112
41.369,2.113
41.369,2.114
41.369,2.115
41.369,2.116
41.369,2.117
41.369,2.118
41.369,2.119
41.369,2.12
41.369,2.121
41.369,2.122
41.369,2.123
41.369,2.124
41.369,2.125
41.369,2.126
41.369,2.127
41.369,2.128
41.369,2.129
41.369,2.13
41.369,2.131
41.369,2.132
41.369,2.133
41.369,2.134
41.369,2.135
41.369,2.136
41.369,2.137
41.369,2.138
41.369,2.139
41.369,2.14
41.369,2.141
41.369,2.142
41.369,2.143
41.369,2.144
41.369,2.145
41.369,2.146
41.369,2.147
41.369,2.148
41.369,2.149
41.369,2.15
41.369,2.151
41.369,2.152
41.369,2.153
41.369,2.154
41.369,2.155
41.369,2.156
41.369,2.157
41.369,2.158
41.369,2.159
41.369,2.16
41.369,2.161
41.369,2.162
41.369,2.163
41.369,2.164
41.369,2.165
41.369,2.166
41.369,2.167
41.369,2.168
41.369,2.169
41.369,2.17
41.369,2.171
41.369,2.172
41.369,2.173
41.369,2.174
41.369,2.175
41.369,2.184
41.369,2.187
41.369,2.188
41.369,2.189
41.369,2.19
41.369,2.191
41.37,2.1
41.37,2.101
41.37,2.102
41.37,2.103
41.37,2.104
41.37,2.105
41.37,2.106
41.37,2.107
41.37,2.108
41.37,2.109
41.37,2.11
41.37,2.111
41.37,2.112
41.37,2.113
41.37,2.114
41.37,2.115
41.37,2.116
41.37,2.117
41.37,2.118
41.37,2.119
41.37,2.12
41.37,2.121
41.37,2.122
41.37,2.123
41.37,2.124
41.37,2.125
41.37,2.126
41.37,2.127
41.37,2.128
41.37,2.129
41.37,2.13
41.37,2.131
41.37,2.132
41.37,2.133
41.37,2.134
41.37,2.135
41.37,2.136
41.37,2.137
41.37,2.138
41.37,2.139
41.37,2.14
41.37,2.141
41.37,2.142
41.37,2.143
41.37,2.144
41.37,2.145
41.37,2.146
41.37,2.147
41.37,2.148
41.37,2.149
41.37,2.15
41.37,2.152
41.37,2.153
41.37,2.154
41.37,2.155
41.37,2.156
41.37,2.157
41.37,2.158
41.37,2.159
41.37,2.16
41.37,2.161
41.37,2.162
41.37,2.164
41.37,2.165
41.37,2.166
41.37,2.167
41.37,2.168
41.37,2.169
41.37,2.17
41.37,2.171
41.37,2.172
41.37,2.173
41.37,2.174
41.37,2.175
41.37,2.176
41.37,2.184
41.37,2.188
41.37,2.189
41.37,2.19
41.37,2.191
41.37,2.192
41.371,2.1
41.371,2.101
41.371,2.102
41.371,2.103
41.371,2.104
41.371,2.105
41.371,2.106
41.371,2.107
41.371,2.108
41.371,2.109
41.371,2.11
41.371,2.111
41.371,2.112
41.371,2.113
41.371,2.114
41.371,2.115
41.371,2.116
41.371,2.117
41.371,2.118
41.371,2.119
41.371,2.12
41.371,2.121
41.371,2.122
41.371,2.123
41.371,2.124
41.371,2.125
41.371,2.126
41.371,2.127
41.371,2.128
41.371,2.129
41.371,2.13
41.371,2.131
41.371,2.132
41.371,2.133
41.371,2.134
41.371,2.135
41.371,2.136
41.371,2.137
41.371,2.138
41.371,2.139
41.371,2.14
41.371,2.141
41.371,2.142
41.371,2.143
41.371,2.144
41.371,2.145
41.371,2.146
41.371,2.147
41.371,2.148
41.371,2.149
41.371,2.15
41.371,2.151
41.371,2.152
41.371,2.153
41.371,2.154
41.371,2.155
41.371,2.156
41.371,2.157
41.371,2.158
41.371,2.159
41.371,2.16
41.371,2.161
41.371,2.162
41.371,2.163
41.371,2.164
41.371,2.165
41.371,2.166
41.371,2.167
41.371,2.168
41.371,2.169
41.371,2.17
41.371,2.171
41.371,2.172
41.371,2.173
41.371,2.174
41.371,2.175
41.371,2.176
41.371,2.181
41.371,2.182
41.371,2.184
41.371,2.187
41.371,2.188
41.371,2.189
41.371,2.19
41.372,2.1
41.372,2.101
41.372,2.102
41.372,2.103
41.372,2.104
41.372,2.105
41.372,2.106
41.372,2.107
41.372,2.108
41.372,2.109
41.372,2.11
41.372,2.111
41.372,2.112
41.372,2.113
41.372,2.114
41.372,2.115
41.372,2.116
41.372,2.117
41.372,2.118
41.372,2.119
41.372,2.12
41.372,2.121
41.372,2.122
41.372,2.123
41.372,2.124
41.372,2.125
41.372,2.126
41.372,2.127
41.372,2.128
41.372,2.129
41.372,2.13
41.372,2.131
41.372,2.132
41.372,2.133
41.372,2.134
41.372,2.135
41.372,2.136
41.372,2.137
41.372,2.138
41.372,2.139
41.372,2.14
41.372,2.141
41.372,2.142
41.372,2.143
41.372,2.144
41.372,2.145
41.372,2.146
41.372,2.147
41.372,2.148
41.372,2.149
41.372,2.15
41.372,2.151
41.372,2.152
41.372,2.153
41.372,2.154
41.372,2.155
41.372,2.156
41.372,2.157
41.372,2.158
41.372,2.159
41.372,2.16
41.372,2.161
41.372,2.162
41.372,2.163
41.372,2.164
41.372,2.165
41.372,2.166
41.372,2.167
41.372,2.168
41.372,2.169
41.372,2.17
41.372,2.171
41.372,2.172
41.372,2.173
41.372,2.174
41.372,2.175
41.372,2.176
41.372,2.177
41.372,2.178
41.372,2.179
41.372,2.18
41.372,2.181
41.372,2.182
41.372,2.183
41.372,2.184
41.372,2.186
41.372,2.187
41.372,2.188
41.372,2.189
41.372,2.22
41.373,2.1
41.373,2.101
41.373,2.102
41.373,2.103
41.373,2.104
41.373,2.105
41.373,2.106
41.373,2.107
41.373,2.108
41.373,2.109
41.373,2.11
41.373,2.111
41.373,2.112
41.373,2.113
41.373,2.114
41.373,2.115
41.373,2.116
41.373,2.117
41.373,2.118
41.373,2.119
41.373,2.12
41.373,2.121
41.373,2.122
41.373,2.123
41.373,2.124
41.373,2.125
41.373,2.126
41.373,2.127
41.373,2.128
41.373,2.129
41.373,2.13
41.373,2.131
41.373,2.132
41.373,2.133
41.373,2.134
41.373,2.135
41.373,2.136
41.373,2.137
41.373,2.138
41.373,2.139
41.373,2.14
41.373,2.141
41.373,2.142
41.373,2.143
41.373,2.144
41.373,2.145
41.373,2.146
41.373,2.147
41.373,2.148
41.373,2.149
41.373,2.15
41.373,2.151
41.373,2.152
41.373,2.153
41.373,2.154
41.373,2.155
41.373,2.156
41.373,2.157
41.373,2.158
41.373,2.159
41.373,2.16
41.373,2.161
41.373,2.162
41.373,2.163
41.373,2.164
41.373,2.165
41.373,2.166
41.373,2.167
41.373,2.168
41.373,2.169
41.373,2.17
41.373,2.171
41.373,2.172
41.373,2.173
41.373,2.174
41.373,2.175
41.373,2.176
41.373,2.177
41.373,2.178
41.373,2.179
41.373,2.18
41.373,2.182
41.373,2.183
41.373,2.185
41.373,2.187
41.373,2.188
41.373,2.189
41.373,2.19
41.374,2.1
41.374,2.101
41.374,2.102
41.374,2.103
41.374,2.104
41.374,2.105
41.374,2.106
41.374,2.107
41.374,2.108
41.374,2.109
41.374,2.11
41.374,2.111
41.374,2.112
41.374,2.113
41.374,2.114
41.374,2.115
41.374,2.116
41.374,2.117
41.374,2.118
41.374,2.119
41.374,2.12
41.374,2.121
41.374,2.122
41.374,2.123
41.374,2.124
41.374,2.125
41.374,2.126
41.374,2.127
41.374,2.128
41.374,2.129
41.374,2.13
41.374,2.131
41.374,2.132
41.374,2.133
41.374,2.134
41.374,2.135
41.374,2.136
41.374,2.137
41.374,2.138
41.374,2.139
41.374,2.14
41.374,2.141
41.374,2.142
41.374,2.143
41.374,2.144
41.374,2.145
41.374,2.146
41.374,2.147
41.374,2.148
41.374,2.149
41.374,2.15
41.374,2.151
41.374,2.152
41.374,2.153
41.374,2.154
41.374,2.155
41.374,2.156
41.374,2.157
41.374,2.158
41.374,2.159
41.374,2.16
41.374,2.161
41.374,2.162
41.374,2.163
41.374,2.164
41.374,2.165
41.374,2.166
41.374,2.167
41.374,2.168
41.374,2.169
41.374,2.17
41.374,2.171
41.374,2.172
41.374,2.173
41.374,2.174
41.374,2.175
41.374,2.176
41.374,2.177
41.374,2.178
41.374,2.181
41.374,2.182
41.374,2.183
41.374,2.185
41.374,2.187
41.374,2.188
41.374,2.189
41.374,2.19
41.374,2.204
41.375,2.1
41.375,2.101
41.375,2.102
41.375,2.103
41.375,2.104
41.375,2.105
41.375,2.106
41.375,2.107
41.375,2.108
41.375,2.109
41.375,2.11
41.375,2.111
41.375,2.112
41.375,2.113
41.375,2.114
41.375,2.115
41.375,2.116
41.375,2.117
41.375,2.118
41.375,2.119
41.375,2.12
41.375,2.121
41.375,2.122
41.375,2.123
41.375,2.124
41.375,2.125
41.375,2.126
41.375,2.127
41.375,2.128
41.375,2.129
41.375,2.13
41.375,2.131
41.375,2.132
41.375,2.133
41.375,2.134
41.375,2.135
41.375,2.136
41.375,2.137
41.375,2.138
41.375,2.139
41.375,2.14
41.375,2.141
41.375,2.142
41.375,2.143
41.375,2.144
41.375,2.145
41.375,2.146
41.375,2.147
41.375,2.148
41.375,2.149
41.375,2.15
41.375,2.151
41.375,2.152
41.375,2.153
41.375,2.154
41.375,2.155
41.375,2.156
41.375,2.157
41.375,2.158
41.375,2.159
41.375,2.16
41.375,2.161
41.375,2.162
41.375,2.163
41.375,2.164
41.375,2.165
41.375,2.166
41.375,2.167
41.375,2.168
41.375,2.169
41.375,2.17
41.375,2.171
41.375,2.172
41.375,2.173
41.375,2.174
41.375,2.175
41.375,2.176
41.375,2.177
41.375,2.178
41.375,2.179
41.375,2.18
41.375,2.181
41.375,2.182
41.375,2.183
41.375,2.184
41.375,2.186
41.375,2.188
41.375,2.189
41.375,2.19
41.375,2.191
41.376,2.1
41.376,2.101
41.376,2.102
41.376,2.103
41.376,2.104
41.376,2.105
41.376,2.106
41.376,2.107
41.376,2.108
41.376,2.109
41.376,2.11
41.376,2.111
41.376,2.112
41.376,2.113
41.376,2.114
41.376,2.115
41.376,2.116
41.376,2.117
41.376,2.118
41.376,2.119
41.376,2.12
41.376,2.121
41.376,2.122
41.376,2.123
41.376,2.124
41.376,2.125
41.376,2.126
41.376,2.127
41.376,2.128
41.376,2.129
41.376,2.13
41.376,2.131
41.376,2.132
41.376,2.133
41.376,2.134
41.376,2.135
41.376,2.136
41.376,2.137
41.376,2.138
41.376,2.139
41.376,2.14
41.376,2.141
41.376,2.142
41.376,2.143
41.376,2.144
41.376,2.145
41.376,2.146
41.376,2.147
41.376,2.148
41.376,2.149
41.376,2.15
41.376,2.151
41.376,2.152
41.376,2.153
41.376,2.154
41.376,2.155
41.376,2.156
41.376,2.157
41.376,2.158
41.376,2.159
41.376,2.16
41.376,2.161
41.376,2.162
41.376,2.163
41.376,2.164
41.376,2.165
41.376,2.166
41.376,2.167
41.376,2.168
41.376,2.169
41.376,2.17
41.376,2.171
41.376,2.172
41.376,2.173
41.376,2.174
41.376,2.175
41.376,2.176
41.376,2.177
41.376,2.178
41.376,2.179
41.376,2.18
41.376,2.182
41.376,2.183
41.376,2.184
41.376,2.187
41.376,2.188
41.376,2.189
41.376,2.19
41.376,2.191
41.376,2.195
41.377,2.1
41.377,2.102
41.377,2.103
41.377,2.104
41.377,2.107
41.377,2.108
41.377,2.109
41.377,2.11
41.377,2.111
41.377,2.112
41.377,2.113
41.377,2.114
41.377,2.115
41.377,2.116
41.377,2.117
41.377,2.118
41.377,2.119
41.377,2.12
41.377,2.121
41.377,2.122
41.377,2.123
41.377,2.124
41.377,2.125
41.377,2.126
41.377,2.127
41.377,2.128
41.377,2.129
41.377,2.13
41.377,2.131
41.377,2.132
41.377,2.133
41.377,2.134
41.377,2.135
41.377,2.136
41.377,2.137
41.377,2.138
41.377,2.139
41.377,2.14
41.377,2.141
41.377,2.142
41.377,2.143
41.377,2.144
41.377,2.145
41.377,2.146
41.377,2.147
41.377,2.148
41.377,2.149
41.377,2.15
41.377,2.151
41.377,2.152
41.377,2.153
41.377,2.154
41.377,2.155
41.377,2.156
41.377,2.157
41.377,2.158
41.377,2.159
41.377,2.16
41.377,2.161
41.377,2.162
41.377,2.163
41.377,2.164
41.377,2.165
41.377,2.166
41.377,2.167
41.377,2.168
41.377,2.169
41.377,2.17
41.377,2.171
41.377,2.172
41.377,2.173
41.377,2.174
